57573491
57742324
58135180
62058601
58911059
58337222
61275965
57532083
59926309
56223218
57466452
58569242
57347389
58891264
58340517
59529103
61814376
57931403
59569927
57450655
57618035
56994471
60604350
56867513
58783335
58608441
60022014
58555626
56680940
56448088
56900053
58492422
59457941
57521603
57306510
56450611
56818883
56750368
58502388
58106988
56769984
66226801
58020810
59941739
59210145
57593821
57071640
58169904
56436789
61760431
59800274
57859854
56308336
57054511
58119757
57454539
60544015
57398331
58162181
57946163
58539326
58462061
57825050
58036045
59710370
65095360
57903137
57606389
69441729
60350439
58311416
57984261
58941155
57249138
57189518
59022457
56319584
59649264
57950634
57525182
58491430
59378765
57491526
59704544
58048912
60059027
56521362
58389778
58568259
57544410
60322242
58988809
56617354
57229800
57424487
59094810
57994058
59655223
59433469
56880714
58513977
58141766
59292261
56474407
57377184
60048114
57798749
57482426
58654987
57311530
57652306
58760926
58377516
58832387
61034771
57724112
58068222
58120745
57246793
56543748
56825106
64089060
56761397
57002923
59306560
58955317
59867329
58856791
57423220
57905061
57894822
59176419
57865329
59072242
58918248
57845521
57469987
59106445
56873756
56653661
59082938
58869555
57722411
57760930
57838584
56368967
58178115
57438021
58499422
59406194
57752004
58180501
58225886
59241980
58434452
59178468
58697594
61959565
59212495
58481135
58778000
57074094
56941897
57082006
57109017
58813574
56481741
57409498
57144840
58247851
57588370
58499188
57852082
57608666
57446129
57282391
56216197
58461139
56393229
61333467
57456824
59145411
59307561
58113964
64398156
57316370
58572928
58989277
58044300
58004800
58531203
58321480
57983643
57736423
57559083
57135300
56922874
67895502
56824622
57228449
56793590
59179432
57813739
56898399
58781985
58218542
58047697
57448391
58492495
58444548
60419322
57034790
57814495
58161290
59209225
58688953
56756080
61180356
59659813
58685253
59406890
58712920
56618523
56890780
59519266
57849235
58549864
61036499
59809808
58697623
57205263
57742666
57867203
58178149
57171615
59869583
60473781
57333877
59233475
57371380
57339785
56618801
58439390
58305309
64432791
57585372
57872813
58203889
58426554
56652589
58068834
57886760
60191780
58927543
57124950
56603290
57846809
58032598
56842061
58818151
59891570
59377076
58778840
58028600
57427546
57405755
58443420
57047921
56930392
58455972
58413061
58334193
58632449
57120547
56762480
57427952
59637075
58551055
57125250
57502199
59108480
58192769
58821023
57243180
58732925
57406494
58683722
57554887
56435038
58840063
57880278
60150624
57538502
57803541
60021893
58361513
56846617
58844092
57819373
59705387
57551929
56815727
60738613
57210524
58407942
59289550
61573203
58308646
58643597
59818903
56745840
58004365
56335649
56666255
56840234
60796559
59536028
56410691
57430424
58058791
58465195
56895160
58184002
57452181
58277331
58107705
59144716
56797640
57997367
58157553
56852456
57959714
58682229
59586043
57493557
60583913
57429967
57642580
58970067
66376514
58440224
59139075
58286006
56834930
56424573
59339847
58449646
58452369
57570500
57590135
58278789
57097445
57264461
58250539
59077127
56583022
57249476
57058383
57632508
57401680
57654355
58864966
57820748
58244597
57536331
60043948
56688720
57431652
56457401
57534737
57629496
58365499
62822085
65215549
57752824
57674479
59097366
59177349
57904101
57372858
56723401
57055515
59885152
58216401
58691056
58013722
57697569
57588163
57622957
57858294
59191860
57877204
58010538
57570037
57706741
57770129
57599821
56530187
62626929
58365943
