153216859
151680769
156683339
154034734
157854252
153513467
141048759
145178921
142792597
131421578
148210653
142315537
146094519
140994976
149964955
152277122
149278201
165035246
150501295
157172014
141622999
151018882
149662970
144183119
170352244
136105880
147830632
155336015
145843883
148770479
149336202
135336117
153162938
119284493
154590145
146613693
154316193
155654602
162726155
144333492
151884077
123613025
165826314
150629924
152920343
153334875
151515051
126697026
154792265
141632105
150557996
143174130
151266189
154621414
154501149
149585968
144570151
144280046
151948101
169190446
145218692
155078845
157018978
142828512
148627243
152149788
128747427
153233044
146036868
147021472
130321447
157333458
148333026
151255472
148998685
138547566
152911169
143313872
150008978
146524836
140961160
152086269
148565388
150478408
153154714
145631001
145934580
141586317
151703944
126572124
121671007
149962927
150232591
155285808
150735249
158534232
151546473
135701798
148630283
149397652
156333389
152461141
145041202
150266420
155002672
153224510
146086469
137932429
148585338
142444901
155307487
153869336
153581662
156587662
150285841
146627479
145876019
153344454
148764249
157541390
146624970
109900274
150127490
146644955
154969262
157013095
158007409
154253935
155702590
149424680
148919160
148060602
153589673
144469175
151753155
147024133
152086774
140646719
155416027
141822590
134652672
153833238
152326680
141665921
147898231
151639370
153655405
144611233
147859524
142202916
148049206
152570589
169756405
147268626
151244770
151256163
144122664
150839053
153317142
152140061
145965506
150566231
150157775
147588578
141790306
147143658
144810499
152655522
142938656
163302676
127884141
153229829
155447267
144051068
141758151
136951247
162020008
130927433
148487765
151925379
132538386
149222211
141649083
146596166
153903466
148231569
137763249
144290921
133441876
151862092
150391786
156008403
145570930
156643197
142314908
151526980
148626551
148751371
151880686
155984002
152101213
154121682
154855649
151195684
154408374
147725678
152693022
145010603
160021186
138255930
152976581
142668904
154972558
149182407
143789845
145075786
149350773
150133639
153433787
154356331
159493013
159070203
137900070
151742179
148411152
155747981
147536216
154942001
140192921
149897748
146402702
147979811
156891822
153185266
138648756
155727243
146923947
157708063
161465065
159478030
148437518
159711230
177044296
159025516
152688661
145304220
139978850
153716542
159262074
141185518
152838173
146097882
146859141
151907368
148250703
142305826
151088439
161631236
157001445
144806452
148776520
139106297
152788663
153561655
123612040
151419652
145946920
154693789
151213608
147486581
153547917
152472111
144187811
149927203
129559267
141315321
147137313
150125982
148900800
142572453
140652256
154970051
146983761
153530825
147186106
154523984
148961668
161596240
158788318
146108979
155040755
152946418
155287937
136775425
146730964
150729726
148285217
172223544
155571223
148170168
137873760
149862849
160192650
147154599
143010395
149811210
147097973
153503317
149825182
143127060
139728345
157945060
135980233
148742448
120799450
152179827
152143682
143229150
146533800
154480893
155168698
138012088
153111271
151463931
156048204
156729717
151356291
141690258
144837264
156397060
142672219
152995270
150268148
142186805
148932125
178179269
149515323
166201655
151351331
154354336
112577539
148946634
151001371
121084400
133340626
153883215
161004278
155483787
160848221
144390150
154410850
149458601
148457458
152956393
153731468
150452878
142170846
148909808
150751601
146396460
148519616
156248625
155480707
146222836
144164534
142723679
159148210
149789540
155130403
139438598
140330944
141133124
146545657
140320613
152144875
168838231
141955687
155692874
141347221
152895774
141704592
149822246
146209464
117466033
145959863
155837028
170090754
151229296
155764067
148822221
146400595
146750133
155054517
158221354
149475686
158021974
146295205
154727146
155291519
154822812
