146411777
167126132
167849663
166014187
179714105
166013288
165307598
180843128
164498868
160866963
149050908
155303651
166638998
167579799
175160845
153911806
166753728
165218059
148034385
169233589
174574878
157587407
161898356
164585905
183568101
171886346
161635772
175891083
170695628
159060861
154394226
185112376
159036845
176820595
158714934
182327314
167172533
171662292
171808162
167021336
164829035
154849046
187102610
164154408
166989328
152852428
161085343
167820283
172999513
159825514
163376409
172798351
169387038
157252251
167400761
178546852
154343113
147063904
171366152
170708395
156146516
170247757
171310367
172866815
171584239
173796045
161749602
179205706
168812143
164935182
155314898
174643377
154447723
168022489
154370961
171743769
164998541
171624120
169890612
174255975
173021759
165810958
170755600
170542470
177365895
173235348
165886611
162843633
153341825
173120286
170529369
166293572
160207911
180323868
168214990
162023432
189602257
171087754
162754632
175918212
172571073
176726874
181831969
177664497
163610732
161934165
164531738
175544005
169094247
162476516
154321441
172557742
160815930
168502147
160187792
170301095
163510955
168736587
163089935
155252427
173619522
160304521
162081471
151361137
169258112
162112074
164875912
175159705
172189809
166789557
170372131
162998988
173393977
163920854
186151909
156078058
147592529
168918846
166687580
166433163
165482123
159539601
163702982
175005600
151342486
161894603
173906938
180762348
164871783
171280681
162720774
166476801
157180132
170544191
170956381
158730189
167383186
162734560
170030087
163091525
158491961
159912550
168754301
172494690
184178153
171768045
173890331
166740159
182466926
174366394
163983944
165196944
162605841
161874337
166771870
162034864
156599396
155861746
165176453
167542242
165688105
173021075
155985570
173821671
175607101
160238811
171091076
167705970
178918955
164199773
172377097
164381614
158069011
169817846
159814577
166288808
166743645
155971602
178754069
178198745
180639451
162006697
162764061
173898010
161362795
163852877
176866651
162215509
174497936
171004813
178772024
184194691
153281769
166463591
162735505
152562095
154947422
157018859
179081363
176802031
171756079
169832366
167642719
165375195
163298712
163538068
181331712
161654045
173777216
159798587
169445679
153806482
169902750
169091160
163218741
157148749
160612372
171806918
160517465
171163708
179236677
165227158
168781767
164286940
166080483
159966780
160698777
172121890
159785912
179527461
169740123
178424352
164005559
165256493
177874408
163594778
156713203
163687887
174777307
161975411
161088804
171393277
174544599
174222036
168189749
166901610
173004865
159549943
169835003
164960425
154579811
151978885
175930894
175840621
178302715
178878073
172318948
165294478
181260850
167207795
171549840
153749620
177623191
153109058
177618406
159968963
165960774
150390139
162287980
165967929
177311764
161911510
169199861
166750105
172118878
165813613
155881059
168217943
169293929
170004966
175842987
156043942
152478485
176484203
168373885
165212192
169156433
164658457
157125284
165650482
160806039
160859048
163904021
166137537
164708446
174507145
164386589
157337305
157230528
155940936
155802848
158163436
164660758
169776351
166445930
165241101
157781991
178589529
170858625
177065810
171658091
167390608
174160174
165034703
156852672
161034393
163105253
163968969
152440437
162129394
165869157
162777393
173301181
167655281
161942869
169676291
169482008
167255797
164826838
163697465
168860509
166586321
167575539
170155283
169601113
176286523
172261232
166063810
166675441
183723162
174353670
172470777
158757122
148437334
164904395
164115593
160066828
160186180
184923378
168857337
177977521
164578662
156028470
181298290
174536736
158905164
172356155
165843480
167070170
161625221
171484342
171965432
165292698
171664556
170635337
162660269
170377108
168340848
160533788
169407205
167598235
160915637
170640949
165108361
178458325
168934282
170804539
180436043
173188418
185302110
