73257962
72471407
72617686
72280666
72701251
73286257
72952014
72506198
73924961
71916831
73213051
73501660
72618194
72271390
72003034
72990462
74754445
73079015
73307309
72414830
72518552
72654457
74712283
72173228
72860055
72269586
72001851
72508851
72930148
72310087
73964936
73105085
72286810
72869868
72186025
72949899
73361994
72166755
73266972
72159484
72715401
72416850
72840368
72626408
72149391
72839211
72478424
72936144
72803829
73157594
71772721
72644324
72346959
73054542
72675160
72121513
72824728
72449423
72379214
72455216
71853145
72178697
74919446
72973961
72736977
71872524
71937564
71802347
72950346
73237485
72377394
72574056
73040335
76423892
73086942
73387031
73725990
72530792
73172412
72282184
72133060
72072239
73190064
72125082
72885382
72483386
73378586
72473027
72452702
72514673
72778924
73794964
74133622
72621176
72402048
77022590
72598542
73728935
71725853
72283951
72886774
75756405
72989481
76911021
72441693
71963334
72127167
72892691
73227436
76103141
73878875
72962835
72568161
72062364
72928692
73397848
71850931
72024426
74089669
72156557
72948446
73086306
73465850
72887441
74145192
72715083
71855079
73674846
72262611
73336975
73825811
73199638
73564758
72327066
73525975
72518695
73649398
73578473
73646737
72216773
73078270
75456259
73131429
73572522
72889806
72336097
73586985
71889404
72572909
72203155
73041920
72109430
72165831
72726932
73497601
74235936
73310848
73119374
73038987
73191387
77136185
74043579
72857563
73218271
73627109
71936488
72776704
72237008
72996862
72717634
73532238
73408975
72111557
73105804
72844761
73621446
73217772
72882968
72124488
73469134
73647920
73057084
75295564
72889588
73673423
72778995
74445567
73023992
73473200
75458251
73482609
72301550
73121837
71973237
74038447
72196463
72306658
72233769
73249456
73762319
73919975
72692984
72675442
73202607
72379325
72560997
73921217
72497943
72361204
74262946
76352360
72161236
73496282
73456799
73708205
71908403
76140536
72960201
73654215
75158134
71676548
73810457
72114031
72809629
73017997
73306111
78363204
72760294
72983503
77499020
72575697
72207417
72968032
72857254
72535781
72889462
73552799
72555765
72485927
72584416
72380100
72976523
72617836
72094679
76110028
72340864
72804161
72627081
73351286
72833894
72681468
74110675
74210833
71809803
72497135
71948266
73139867
72287703
73558627
72296458
72510925
76791498
72414669
72905422
72491766
72487044
72837869
71980266
73380409
72922628
72112243
72765936
71994283
73665464
71790630
73174897
72063809
73409354
73040866
72997083
73029840
73741906
72702178
73183921
72388480
72002918
73104963
74365288
72742335
72140955
73252640
72064768
71969456
71883678
74028913
72717267
72913280
71963143
75493607
75815319
72166416
72127966
73045990
71918956
73432122
72802110
72172525
77747507
72836567
73631620
72917382
73194128
72004520
73105886
74163817
73631233
72922067
72213744
72212842
72412214
73949401
73259789
71989732
72955833
77474965
73126981
73062176
73700478
72059897
71974411
72102769
72701062
72340048
72041662
73428798
72448086
72721893
73253207
72445495
72881211
72710654
74004520
72727073
73395858
72478942
73977222
73043262
72979281
73023568
76851892
72938780
73172676
72366899
72672003
72132650
72316346
72596140
73487833
73096155
72297466
73019283
72314271
73569610
72926090
73239502
72699426
73316343
72405100
72144485
72232398
73338015
72464743
73185977
73218911
72201063
72992906
72205153
72314494
73194827
73611892
73064055
73255026
72441202
72310375
71879714
72808105
72646216
72733466
72236853
72187250
72811685
75629804
73078293
71949577
73321528
72068690
73680666
72145310
73905126
75902297
