45994133
46179725
44965742
44182956
47230613
46986713
46661655
45485750
46540831
45614520
46506259
45867442
47918830
48000563
45273624
45983776
47644495
48337992
44542914
45334326
46784107
44789706
45851066
44059979
38187590
45552946
46379590
45986736
37549237
46061728
45273021
45876428
46344091
45231340
47775440
47084552
45778179
45688973
46963073
47372257
47114566
45415643
42494642
46002283
46254602
44548472
44370782
40438150
42084082
58423587
40913577
46374750
46144414
44605824
46528058
46197705
46996068
46301004
44385733
48234695
47908791
47173152
46114298
46140571
45846302
45161404
46386546
46784266
47104016
45536029
46689244
45839307
46053409
48165415
47058389
47161886
45336284
46668357
46154076
48223642
47202793
46519686
45409383
46161834
48467781
37952953
45611800
46429236
46377958
46062591
39948218
46590782
46892700
45576401
48056163
46520398
46264084
46423436
45465955
46727465
46572336
47481109
45945758
46468654
46272260
46443038
45674245
45758329
45469910
45507281
46931301
45961859
46066886
46733189
46567305
47306276
47393321
44547261
46441634
46354263
45841246
45382702
48173589
47582678
48377989
45015029
44964233
48582792
45473850
46143599
48406538
46917009
48508582
45264590
46651792
44882698
45829688
46176915
44578245
45557926
46324199
40256272
48359778
38104077
46611708
48507648
42632741
39156265
44990011
45627245
47334787
46288228
47538327
45762499
46160164
45278583
45359478
45490184
47021519
45381811
44497033
46279784
45379853
45603808
47324060
50106028
47368568
46023733
48751751
47145372
38093256
46003967
45753469
45231229
45978473
45009579
47115974
46394811
45460040
45713601
40999482
41506604
46008835
47709852
47564825
46340888
45605457
48048712
46761496
47466831
45828669
46542832
47769617
45912324
47069507
44595414
45052992
46650579
46604567
48244105
45134761
46003117
46462922
37827492
47399438
46042074
46401813
45080473
42103387
47856119
47198531
48429799
44900606
47685840
47454180
47097564
46525863
40288220
47426565
46692575
45827513
47210367
48690604
45026448
45778315
45579834
47085844
45686590
45085596
45381251
47177485
46256487
46944595
46295187
46249689
44352089
46031549
47939646
46431006
47181936
47548500
47943895
46997481
46264226
40419500
46387511
47112324
46463175
45015440
45556135
40268378
45596040
46308006
44963013
47569160
42103666
48059503
46814922
47327081
46973151
46093209
46409570
46272356
46081572
45060439
47625277
44925043
45835761
47580993
48160859
48172854
46098756
45783913
47273483
44891605
47501570
46110193
46236807
46424304
44984440
46328592
44801900
46914106
46226193
44941647
46338483
46620127
46476608
46394117
45229348
46455210
45848519
45107358
45018459
44688711
46169942
48054130
48064620
48047186
47089334
46997951
41172641
45911843
47772363
46142398
46804141
45470920
45364230
46361513
39229516
48187812
46743312
47341916
44993007
47403516
45633364
46698473
45700689
46018881
46420868
47798737
46771518
46301281
45106022
45270353
47954887
46382162
41877223
46063873
49665850
45870498
46299932
46092090
46315281
47666902
45124221
46449796
45652624
46403061
45972935
46629619
45961777
45164348
37979973
48163845
44858757
47729014
46642093
45840393
46103332
46756269
45992772
45089534
45537388
46345521
47131782
42765807
46445717
44827810
46207099
47628877
44025870
46224562
45908091
46767392
46876195
46168522
46015934
45398571
48584054
44817459
46087391
47575571
45416198
46401790
38306683
46044331
46271165
46525696
46746998
45918696
46345329
48627762
42164219
47765073
46640739
44930784
45608007
46529992
46511826
42678604
46556618
47154981
46282697
45959447
45457763
48475042
45473994
45688750
48432678
