26891231
27677439
26031203
27538751
26902528
28195855
27207166
26506023
28598625
27998420
27745425
25225952
27084745
26169735
30716735
27885420
29918048
30417051
27897806
28040999
28115113
27357785
27920251
27582231
27633709
26724123
27066270
29513254
27904508
27721918
27603977
26946500
28423284
28115830
26779653
27945127
31563025
29431782
27038811
27865163
28909884
29400190
27805896
27586821
29352764
27594706
28166458
27701649
22685213
25716633
27189211
29177907
27776309
28323565
26519147
27946150
27809951
28153599
28850770
29067385
28195459
27567630
27306343
28884469
27197238
29125166
29357234
28618237
26539361
29084067
26614951
28039233
28340389
27392265
27564502
27926946
26681365
27420742
27244508
23129011
27515000
27676010
27699677
27637984
28375538
27358472
26796239
27295971
28063595
27671651
29551124
29343587
25939880
30911663
26748298
27656080
27854624
27540592
27649002
25796570
28440840
28130544
28362578
27958775
23819169
23835306
27207921
26918395
27495536
27711155
26215527
26709784
26921440
27639389
27665432
29604188
28815250
27856213
26886618
28345433
27682251
29809163
28407635
27873433
32325450
27922892
28674513
27551481
27895314
26916713
26199342
27334236
27747742
28114868
26758847
27646992
23034108
28019339
28141832
28049648
30035976
27334536
27215753
28234910
27202243
27874397
26557851
29594687
26823340
28724814
26419251
28375325
27883638
27463263
27654256
27737134
29629594
27598591
28644712
27509703
27949952
28150885
27905180
27296590
29322140
27600774
26928240
27613820
27384339
27397558
29335540
27786384
27821118
28186866
27967496
26382522
26863604
24315464
26861160
22712124
27718759
28030827
26417320
27989258
26971499
28081713
28464695
27815250
28547812
29825913
26742538
27623207
27419753
27505283
29130450
27017221
27799857
26591854
27555249
27452121
27871564
27523241
26580770
28160613
27098793
29972278
28809642
29675462
26107913
28151441
28645156
28168259
28249767
28016588
27510308
27112937
28001532
28443889
27509470
27265024
27353423
26447830
28340021
27585685
28839839
29680024
29683952
27246964
27530427
22115234
29561999
28571648
27852237
27784153
28774346
27664804
27418092
27581565
27451175
27550136
28678168
27419856
26894658
28382397
28875065
28366562
28112101
27919158
27868158
27256446
29215318
27845447
27491564
27782719
27680240
27281102
27731680
28456980
28163030
29024844
27390482
27583606
28049245
29470194
27995264
28349627
28260124
28310468
28712658
28474827
29433537
25160245
27313011
27649907
23705949
29836362
27510039
26026307
27603070
27123803
29414984
28015328
28414249
26508592
29217327
28150626
26630977
26915577
27531835
29312110
27456707
27597446
28858847
27947481
27345622
27593501
28187791
27423417
26824315
27097940
26406000
27061014
28047844
29586305
27967246
26944412
28296561
27947724
28461171
28326774
27556288
28939445
29478221
27345105
26936262
27068499
26692391
28350864
27950000
27940319
27033448
27542328
26077572
28623064
29277574
28455157
28214558
28212379
26800254
27869559
28237510
28186319
27954428
28968511
29780960
23246933
28032691
27537601
28664084
26992279
27734221
28852086
21919977
28112638
28126055
26923085
26938840
28695174
29313402
29100466
28917592
29153137
29227819
27517920
27962314
27416990
23153096
27418313
29102167
26827343
27853374
29270705
29048798
27280205
30016206
27462665
26296992
27452183
30944269
28501803
28078411
28038762
28273994
27843388
28084470
27371240
27106844
28955825
27791942
27515483
27777328
27614845
28623701
28515487
28153958
27590600
27289752
28023060
27112441
28317876
27775692
29769968
27242335
27318125
28782734
27878550
28008271
26727658
21891353
27042089
